Freq,InputRe,InputIm,OutputRe,OutputIm,Mag,Phase,SmoothMag,SmoothPhase
0,2154028,0,2150158,0,54.89621,0
5.425347,2897041,0,2908678,-65908.13,32.76404,-101.3113
10.85069,4071739,0,4158296,-156499.2,27.33511,-121.1016
16.27604,2598983,0,2729834,-138959.2,23.11915,-136.1929
21.70139,1826670,0,1936637,-187133.6,19.05003,-125.9595
27.12674,1419820,0,1460115,-180772.5,18.00056,-109.6239
32.55208,1510765,0,1563912,-257719.2,15.5968,-111.0099
37.97743,1345770,0,1472647,-271262.8,13.97987,-125.5036
43.40278,1028196,0,1106904,-222379.1,13.5996,-120.8502
48.82813,750441.7,0,836307.3,-187060.4,12.38931,-127.2644
54.25347,720378.8,0,798546.3,-197863.3,11.74762,-125.4733
59.67882,564500.5,0,657973.9,-224065.5,9.136389,-131.4501
65.10416,469156.9,0,563293.6,-196976.1,8.734053,-134.8176
70.52951,415112.1,0,513358.8,-188919.1,8.19493,-137.6804
75.95486,351692.5,0,442108.4,-206309.4,6.712811,-138.6817
81.38021,352039,0,429683.7,-243688.1,5.717498,-137.2321
86.80556,308579,0,359157.6,-232443.5,5.097827,-135.1865
92.2309,266258.1,0,314866.5,-226436.7,4.478304,-137.8375
97.65625,275361.4,0,323721.6,-252519.9,4.065252,-138.7976
103.0816,320491.4,0,368753.3,-330530.4,3.419878,-140.1786
108.5069,248803,0,269335.4,-279019.7,2.836141,-140.2204
113.9323,186750.2,0,196280,-228358.8,2.394897,-141.7098
119.3576,162520.4,0,173651.3,-216688.7,2.142868,-144.2324
124.783,153914.5,0,156789.9,-223502,1.737326,-145.6869
130.2083,205238.7,0,184957.1,-331398.5,1.161407,-147.3315
135.6337,191189.2,0,181675.4,-369408.1,0.9378766,-152.3367
141.059,202082.3,0,162582.7,-407725.4,0.6002871,-152.7267
146.4844,125307.3,0,48278.43,-265952.4,-0.2090371,-153.5583
151.9097,110439.3,0,12586.26,-252772.9,-0.5956978,-155.9871
157.3351,142694.1,0,566.4624,-347208.6,-0.672788,-157.6451
162.7604,89684.48,0,-38854.93,-224995.9,-1.099056,-160.0587
168.1858,88879.43,0,-67465.67,-231996.2,-1.273549,-162.2382
173.6111,82530.59,0,-100475.5,-196532.5,-1.703227,-164.1191
179.0365,81681.15,0,-131884.4,-185704.4,-1.886161,-166.3901
184.4618,75915.48,0,-129749.9,-125061.8,-2.51413,-167.3571
189.8871,85483.23,0,-161824.7,-118396.5,-2.718166,-169.3919
195.3125,73260.5,0,-128442.8,-76399.17,-3.186754,-170.0005
200.7378,70892.38,0,-73278.05,-55949.78,-4.492578,-163.8476
206.1632,65437.19,0,-69243.6,-76016.48,-3.545086,-161.7717
211.5885,49709.14,0,-102258.9,-50491.89,-2.948267,-172.1007
217.0139,58105.94,0,-125154.7,-27042.95,-3.207819,-176.2015
222.4392,46468.38,0,-88553.46,-6715.775,-3.649794,-178.5105
227.8646,68343.21,0,-111223.8,7408.06,-4.148738,178.5518
233.2899,51142.16,0,-80296.87,15245.9,-4.184747,175.8656
238.7153,58668.21,0,-76515.91,28016.35,-4.579733,171.5983
244.1406,59258.21,0,-70058.02,36598.92,-4.610562,168.2195
249.566,59787.13,0,-62301.64,29373.78,-5.216167,168.2851
254.9913,59891.38,0,-58782.67,37475.27,-5.03375,165.0068
260.4167,30277.44,0,-29934.53,17323.35,-5.161092,165.9925
265.842,25382.3,0,-16389.62,17497.95,-5.524658,155.8552
271.2674,34750.25,0,-23479.75,17389.05,-6.360985,160.1035
276.6927,35195.4,0,-25012.72,8340.849,-7.254525,169.4455
282.118,32798.15,0,-16806.33,9948.154,-8.267653,160.7177
287.5434,36111.19,0,-22221.92,14035.71,-7.169112,161.2518
292.9688,34366.32,0,-17830.25,13961.4,-7.553134,156.9132
298.3941,39259.82,0,-17218.33,19627.6,-7.19677,150.4225
303.8194,29001.76,0,-9202.267,17518.33,-6.542855,142.3463
309.2448,30227.75,0,-11479.66,16818.77,-6.881772,146.2776
314.6701,36375.13,0,-11734.74,17835.04,-7.616254,143.6838
320.0955,33713.45,0,-9520.535,14423.17,-8.422901,141.8773
325.5208,26141.58,0,-11248.7,14445.11,-6.806363,149.0318
330.9462,21139.15,0,-6323.462,8684.46,-8.566481,143.6081
336.3715,19697.36,0,-4730.954,6259.063,-10.14118,141.4553
341.7969,16559.14,0,-5018.046,3744.593,-10.8756,153.1141
347.2222,18250.25,0,-3988.976,5694.097,-10.37557,139.3744
352.6476,19739.96,0,-3480.036,6547.132,-10.24778,133.7386
358.0729,21020.74,0,-1752.42,4833.298,-13.11856,121.9117
363.4983,24393.72,0,-3407.968,6928.432,-11.38937,130.1853
368.9236,23131.81,0,-3190.453,7463.943,-10.55418,128.9754
374.3489,15106,0,-1135.586,4641.063,-10.96858,119.6965
379.7743,15736.91,0,-1034.37,4145.475,-12.13508,117.8942
385.1996,21761.85,0,-4539.744,7253.106,-10.07185,137.4597
390.625,18079.02,0,-5700.398,2219.447,-11.8306,164.0588
396.0504,21929.74,0,-6041.481,2566.168,-12.6274,162.2281
401.4757,21088.57,0,-3228.502,2632.277,-15.37529,146.9869
406.901,12204.97,0,-1609.963,-602.2377,-18.11013,-161.9868
412.3264,10849.45,0,-1007.03,1451.61,-16.6004,131.7304
417.7517,15635.85,0,-1765.49,2405.086,-15.39925,134.1502
423.1771,18023.44,0,127.2247,4222.003,-12.77614,101.5483
428.6024,22639.67,0,349.9249,5638.59,-12.19139,100.645
434.0278,23039.85,0,45.01805,5616.931,-12.49404,103.2676
439.4531,20164.78,0,22.55493,3163.548,-16.18427,98.51749
444.8785,14727.6,0,-283.8202,614.2953,-26.92788,117.1415
450.3038,17884.77,0,138.6878,2877.448,-15.90453,96.45068
455.7292,15874.97,0,-93.95013,3701.256,-12.92299,104.5036
461.1545,13426.32,0,1732.666,2653.638,-11.55805,69.64345
466.5799,14893.49,0,2012.288,3824.823,-9.85265,78.78833
472.0052,13937.5,0,-612.0383,4634.841,-10.28097,115.1921
477.4305,20238.42,0,744.1487,2048.144,-19.08011,76.03019
482.8559,18260.35,0,3404.778,1778.251,-11.81028,34.40318
488.2813,10552.41,0,-338.2834,3380.706,-10.51723,112.9596
493.7066,13155.5,0,1058.104,4077.327,-9.630563,94.07809
499.1319,10275.61,0,2261.315,2788.126,-7.471901,70.13862
504.5573,7567.391,0,2914.91,1155.016,-3.687562,35.55794
509.9826,7346.787,0,2822.201,1542.689,-3.442014,47.48934
515.408,5653.36,0,1032.916,246.5975,-12.78399,16.48244
520.8333,7242.562,0,1561.87,1814.519,-7.926951,66.9938
526.2587,10680.4,0,1406.071,2557.638,-10.36032,76.61763
531.684,9571.707,0,967.1553,1371.737,-14.30561,63.87179
537.1094,8640.663,0,2036.312,-305.8407,-10.13214,-11.19302
542.5347,10955.5,0,1590.641,303.3588,-15.24798,12.65284
547.9601,10143.24,0,1169.939,810.8601,-16.02743,39.88844
553.3854,11787.79,0,1772.123,1827.465,-12.04005,56.22129
558.8107,10067.44,0,-1395.72,673.2458,-17.39659,157.6102
564.2361,8019.081,0,-1015.186,1477.639,-14.16203,133.7794
569.6614,7017.613,0,-122.5473,661.0305,-20.56004,105.7921
575.0868,6213.538,0,-19.08751,611.577,-20.20178,97.39185
580.5121,7567.154,0,-313.8148,1691.636,-13.41413,112.6241
585.9375,6410.464,0,596.9509,32.41653,-19.75735,3.427791
591.3629,7040.122,0,912.7798,-331.6487,-16.0123,-23.06624
596.7882,9319.744,0,262.3119,440.3371,-24.95568,62.00076
602.2136,7769.85,0,-923.2752,934.9182,-16.46177,140.7794
607.6389,9449.371,0,495.1381,1196.639,-16.87184,75.13338
613.0642,9709.162,0,1049.833,2383.134,-10.75352,81.61269
618.4896,9799.451,0,-204.1248,1706.923,-15.4218,106.5026
623.9149,8274.17,0,376.2644,413.6257,-23.01139,50.70597
629.3403,11409.62,0,352.3318,-506.65,-25.07475,-57.80817
634.7656,10122.32,0,-176.0443,912.7935,-20.92329,105.9814
640.191,5395.791,0,99.53708,401.3203,-22.17515,80.40363
645.6163,6702.036,0,569.5125,1002.101,-14.63344,69.67018
651.0417,11140.39,0,1444.705,1864.55,-12.43563,63.11599
656.467,10881.5,0,440.721,-247.8034,-26.30079,-30.70727
661.8923,7224.224,0,-490.5684,-1473.539,-14.07837,-119.2269
667.3177,7815.122,0,831.0962,1733.121,-11.46617,78.31725
672.743,6256.328,0,-1240.074,983.7794,-13.58209,149.0506
678.1684,5942.651,0,-947.0306,772.6636,-15.07512,147.1885
683.5938,8241.578,0,578.5003,1455.69,-13.94381,79.08266
689.0191,6803.247,0,613.573,1187.685,-13.46897,73.54055
694.4445,7161.871,0,-585.337,883.4979,-17.3345,130.0313
699.8698,7206.469,0,-56.4035,83.92899,-37.12593,124.5647
705.2951,7863.095,0,891.8338,728.9946,-15.6854,45.23274
710.7205,7402.482,0,-662.3781,615.3741,-19.03264,141.4702
716.1458,6861.586,0,467.9029,649.6532,-18.09117,60.03908
721.5712,4714.661,0,560.0391,1376.446,-9.382457,86.19017
726.9965,5642.957,0,342.6508,493.573,-18.94816,60.55078
732.4219,5143.647,0,-104.0573,-613.8842,-18.57366,-106.2928
737.8472,5157.095,0,-1207.658,724.0481,-13.15894,155.5453
743.2726,5047.541,0,-843.8321,786.0515,-14.24268,144.6301
748.6979,5277.098,0,-13.17889,523.9067,-20.12413,97.09665
754.1232,6294.23,0,-555.2244,657.4289,-18.05777,135.665
759.5486,6646.28,0,205.548,328.3,-24.42817,60.86738
764.9739,4792.008,0,200.4235,-849.78,-14.56428,-87.2144
770.3993,4169.367,0,584.9206,414.3563,-14.03796,41.90769
775.8246,5109.668,0,1025.065,1254.31,-8.424637,67.81396
781.25,3802.927,0,265.5405,917.384,-11.65589,88.39545
786.6754,5173.096,0,-709.9734,225.3382,-17.95677,164.5846
792.1007,5244.036,0,-1824.998,-172.4182,-11.72594,-176.0002
797.526,3334.852,0,-182.0527,718.2632,-13.7046,115.7657
802.9514,4532.003,0,958.8077,679.1938,-9.814548,46.07515
808.3767,5298.234,0,885.8079,52.85197,-13.93195,4.100776
813.8021,5191.142,0,1015.602,-25.66571,-12.27717,-1.799812
819.2274,3202.323,0,1002.936,-10.01036,-6.820231,-0.8326299
824.6528,3599.031,0,533.5161,72.95787,-15.10911,9.150206
830.0781,4772.401,0,-896.1171,-297.3491,-15.58039,-164.6459
835.5035,6154.02,0,-300.3046,-622.5626,-19.44507,-121.2607
840.9288,4277.714,0,94.67523,-277.6094,-23.10241,-74.96558
846.3541,3713.619,0,327.1662,-269.0949,-18.08281,-43.98067
851.7795,3271.096,0,310.8596,462.4527,-14.61068,64.97016
857.2048,3026.03,0,-117.6817,-200.6723,-22.63307,-124.0414
862.6302,3587.889,0,-257.4667,-145.1876,-22.29136,-152.7433
868.0555,3638.944,0,849.3558,168.6983,-10.17683,14.69454
873.4809,2602.557,0,768.3853,685.9709,-5.580322,62.26221
878.9063,2837.917,0,434.7711,-140.8134,-14.43205,-21.2995
884.3316,3968.903,0,1402.436,423.8675,-4.986304,26.19483
889.757,2280.453,0,740.7711,681.9767,-4.466954,66.52377
895.1823,3255.665,0,1456.249,502.4934,-1.675477,34.6401
900.6076,4356.496,0,1902.984,-85.51752,-2.203571,-4.569309
906.033,4257.355,0,1955.419,-671.1207,-1.287748,-35.19661
911.4583,4634.793,0,2523.266,-1477.728,1.096802,-65.34078
916.8837,3915.986,0,1856.022,-2537.849,-0.3374068,-104.7545
922.309,4118.888,0,395.8223,-2550.65,-4.852913,-115.5937
927.7344,3159.862,0,-547.4685,-1753.772,-6.97496,-132.6534
933.1597,3119.292,0,-1191.129,-484.8285,-10.56004,-164.2696
938.5851,3267.898,0,-863.7959,-225.4597,-13.32103,-168.495
944.0104,2057.736,0,-0.01844025,-197.4989,-20.3964,-95.48769
949.4357,2679.03,0,104.1765,-253.7401,-19.49272,-73.3068
954.8611,4320.576,0,-712.0317,-646.5052,-14.44573,-145.0817
960.2864,2955.724,0,-941.1826,-766.7597,-10.29514,-151.9625
965.7118,1865.922,0,-629.1494,-114.8386,-11.83344,-172.2909
971.1371,2489.831,0,-633.9486,483.9888,-11.96113,151.4472
976.5625,2352.896,0,-17.08471,643.1879,-11.63371,106.7053
981.9879,2739.417,0,-134.3614,333.8869,-18.10348,118.5478
987.4132,2768.359,0,-274.4908,-202.7913,-19.02274,-147.3562
992.8385,2787.399,0,-290.8936,-297.7134,-17.41984,-139.8603
998.2639,2917.021,0,401.4609,-92.40202,-15.7215,-15.06537
1003.689,4768.306,0,-719.4372,72.33939,-17.60509,175.0134
1009.115,4303.497,0,-1316.942,490.1676,-12.07352,164.5689
1014.54,2834.559,0,-196.1835,438.5077,-16.08903,122.336
1019.965,2393.172,0,340.6537,46.85301,-15.52035,9.138911
1025.391,1875.07,0,46.27083,239.3526,-17.57698,86.51521
1030.816,2585.14,0,-139.9206,384.9409,-16.54652,118.0159
1036.241,2439.975,0,962.111,486.4323,-3.186323,45.03936
1041.667,3058.469,0,544.171,765.522,-8.937943,71.52668
1047.092,2658.76,0,742.7239,726.3745,-5.900009,65.12425
1052.517,3209.942,0,881.575,-135.9621,-8.348538,-12.10937
1057.943,3310.722,0,184.608,-338.9294,-18.22035,-67.61152
1063.368,2527.729,0,-997.1443,-240.6496,-10.74205,-170.3374
1068.793,2957.974,0,-725.934,205.4523,-13.78708,167.3896
1074.219,2365.447,0,-956.1623,532.257,-9.754164,160.0008
1079.644,3258.837,0,-537.2871,-20.12747,-16.97671,-178.1584
1085.069,3498.276,0,-161.0984,106.9476,-25.54423,148.0952
1090.495,3882.98,0,330.5729,35.08392,-20.57689,6.624001
1095.92,2524.225,0,41.92226,472.2336,-14.53427,95.69814
1101.345,1426.013,0,258.2417,-4.036804,-13.10562,-1.09363
1106.771,1679.07,0,293.6433,29.44422,-13.43378,6.943541
1112.196,2471.908,0,254.2905,-9.411499,-18.80527,-2.362756
1117.621,3149.317,0,-154.6342,-88.35196,-25.37075,-151.7898
1123.047,3184.08,0,-719.6629,312.1561,-13.96604,161.1229
1128.472,2465.235,0,136.5453,-250.9446,-18.27452,-67.59885
1133.898,1810.354,0,311.1664,-272.3991,-11.32757,-51.49749
1139.323,1593.799,0,-3.052528,-20.70074,-37.65288,-99.13109
1144.748,2697.646,0,-155.2408,127.7206,-23.04925,143.1184
1150.174,2516.683,0,214.9696,-491.5651,-12.84309,-78.4347
1155.599,2062.232,0,30.33198,-248.5832,-18.24895,-90.01811
1161.024,2421.205,0,-549.8853,118.2196,-14.46351,170.1453
1166.45,2585.278,0,-26.68609,412.4717,-16.12029,102.6756
1171.875,2371.059,0,143.2836,204.2879,-19.05144,60.19432
1177.3,2322.636,0,482.1616,349.5786,-9.95409,46.69761
1182.726,2856.625,0,92.24702,257.992,-20.11498,75.65692
1188.151,2081.681,0,64.90337,126.0957,-23.07543,66.34209
1193.576,2123.37,0,197.3357,155.112,-17.72787,42.7728
1199.002,2044.486,0,495.4901,-262.507,-8.948874,-37.53279
1204.427,2054.98,0,210.7903,-608.9806,-9.582081,-89.18144
1209.852,2104.504,0,393.1896,14.98551,-12.76858,2.68435
1215.278,2512.767,0,677.5038,397.9095,-7.5682,42.65959
1220.703,2153.867,0,333.4744,326.8924,-11.9553,54.60918
1226.128,1673.554,0,-3.618084,173.2141,-19.76407,97.09308
1231.554,1790.423,0,-286.9229,119.0759,-16.51898,160.7417
1236.979,2236.308,0,546.5461,-422.7855,-8.030843,-51.77131
1242.405,2296.742,0,-77.3856,326.7484,-17.07029,111.1605
1247.83,2048.592,0,-539.454,563.094,-10.62066,146.0465
1253.255,1444.285,0,-336.1194,140.5676,-13.80749,161.8192
1258.681,1330.48,0,-122.135,340.085,-12.31617,122.9315
1264.106,1449.148,0,-452.8606,-97.57413,-12.2793,-170.7776
1269.531,1449.302,0,-132.0709,-69.51164,-20.51098,-154.7581
1274.957,2271.148,0,-141.3063,517.0984,-13.26003,117.382
1280.382,1006.509,0,128.8477,-172.0429,-12.38382,-64.26017
1285.807,1396.443,0,-36.75366,-691.9657,-7.222199,-118.8123
1291.233,1719.597,0,117.127,-272.6399,-14.77237,-76.40716
1296.658,1644.487,0,-23.31231,228.461,-17.30239,103.6264
1302.083,1558.453,0,-115.0665,46.70995,-22.59456,159.5046
1307.509,1567.917,0,-155.6318,-329.3997,-13.65473,-126.1091
1312.934,2239.349,0,22.4924,-732.8802,-10.06046,-106.5357
1318.359,1672.699,0,205.6332,-442.6647,-9.937322,-81.87386
1323.785,1996.641,0,-233.5268,49.20986,-19.41344,169.3645
1329.21,2025.576,0,134.9205,39.61121,-22.57351,17.5619
1334.635,2152.553,0,164.8237,-11.11449,-21.60718,-4.17813
1340.061,2737.042,0,-132.9474,4.593037,-26.67884,178.113
1345.486,2323.895,0,-110.1152,318.7404,-17.24189,116.5191
1350.911,1574.818,0,-421.8939,123.4578,-13.16199,167.2272
1356.337,1708.394,0,-656.1848,665.0901,-8.395988,150.3237
1361.762,1806.913,0,-686.6606,-19.37731,-11.19841,-178.8288
1367.188,1873.305,0,-353.7619,-302.381,-13.67778,-147.2096
1372.613,1693.965,0,-160.5974,21.41049,-21.17412,173.0677
1378.038,2019.722,0,-490.768,-95.90359,-14.02122,-171.1306
1383.464,1668.958,0,-43.28046,-500.2827,-11.01037,-111.2318
1388.889,1418.628,0,187.7433,183.029,-13.52678,52.72928
1394.314,1834.22,0,-177.5714,257.9777,-16.22651,131.8478
1399.74,1596.112,0,121.7068,-113.2593,-18.98248,-47.33364
1405.165,1345.104,0,177.5844,-381.5927,-9.302677,-83.14333
1410.59,1383.908,0,227.4921,99.01947,-13.4012,28.41591
1416.016,1396.199,0,111.2901,307.4591,-12.12881,83.55837
1421.441,1549.932,0,-152.4142,176.8663,-17.30268,136.6845
1426.866,1906.335,0,-144.9924,186.9172,-18.79777,133.0073
1432.292,1367.154,0,282.1295,-1.136955,-11.69976,-0.2909333
1437.717,1094.453,0,74.0498,-446.551,-7.821195,-104.2198
1443.142,1475.649,0,137.8185,-220.6041,-14.34121,-67.36927
1448.568,1366.623,0,-8.80069,112.9864,-21.71115,99.14998
1453.993,1327.313,0,-416.0572,-78.35892,-12.30212,-171.9076
1459.418,1514.17,0,-33.23048,-279.7124,-14.93659,-107.0214
1464.844,1558.104,0,-297.3737,-364.4329,-12.08482,-140.3261
1470.269,1469.549,0,-218.8079,75.49136,-17.26827,163.5251
1475.694,926.8915,0,33.83232,382.4535,-8.06349,108.1278
1481.12,1085.88,0,457.365,56.28355,-2.730467,12.13276
1486.545,1399.403,0,474.6188,-183.1752,-5.358028,-32.30743
1491.97,1037.812,0,36.23967,-186.7066,-14.57819,-89.575
1497.396,1057.153,0,-137.7102,17.35188,-18.69954,173.6504
1502.821,1121.808,0,-331.326,-63.01818,-12.69483,-171.7142
1508.246,1110.349,0,-283.5891,-9.601249,-13.82631,-178.4556
1513.672,1459.93,0,-80.71921,273.9328,-14.77475,116.5006
1519.097,1557.614,0,122.8005,57.84288,-20.4887,27.53047
1524.523,1329.742,0,141.6981,-226.748,-13.1094,-68.80356
1529.948,904.6744,0,-198.5267,53.92003,-14.59798,167.6031
1535.373,1463.534,0,-359.9149,226.3573,-12.71287,154.9098
1540.799,1267.716,0,195.1436,226.8313,-11.2787,61.23565
1546.224,1394.187,0,24.34643,-49.53664,-27.90088,-65.89771
1551.649,1114.901,0,276.7744,111.8694,-9.043186,29.61071
1557.075,904.89,0,-3.026856,-206.267,-13.08996,-103.6403
1562.5,1033.565,0,210.7374,11.89763,-11.81843,4.059734
1567.925,1533.007,0,57.66464,21.28739,-27.60572,21.0887
1573.351,1633.402,0,104.7614,169.6776,-17.74423,64.64207
1578.776,1491.784,0,263.0733,-25.62873,-13.34832,-6.759139
1584.201,1166.162,0,193.8467,-97.86459,-13.06473,-32.5347
1589.627,1027.517,0,745.2844,304.4714,5.752447,69.39223
1595.052,1466.569,0,657.0829,216.1843,-1.664633,33.16417
1600.477,1444.174,0,214.6113,366.817,-9.597811,76.28114
1605.903,1135.104,0,61.72721,248.3773,-12.67906,89.0723
1611.328,1064.406,0,5.088907,148.8184,-17.12719,96.03838
1616.753,1138.475,0,-240.4192,150.9353,-13.77992,154.1262
1622.179,1536.938,0,-419.8309,146.5265,-12.89439,165.0428
1627.604,1544.136,0,-19.08222,74.65382,-26.15438,107.0725
1633.03,1149.018,0,224.0617,-29.5864,-12.24445,-9.354231
1638.455,1312.292,0,263.3855,-43.95677,-11.89121,-11.87455
1643.88,981.1412,0,-36.91507,105.9026,-19.20603,115.1561
1649.306,1505.995,0,-198.0541,257.0856,-14.50234,136.1894
1654.731,1552.626,0,-282.1418,18.20305,-16.24466,176.877
1660.156,1306.551,0,-404.5036,-285.0562,-10.89464,-154.2858
1665.582,1155.031,0,34.25853,95.0211,-20.93432,75.01999
1671.007,1150.665,0,-86.18396,153.0679,-17.01874,126.4363
1676.432,1051.268,0,-65.81673,-175.1677,-15.6246,-119.5048
1681.858,1007.455,0,134.2942,-20.48602,-16.16322,-10.01739
1687.283,852.8578,0,-52.36135,56.19783,-21.44333,136.5285
1692.708,787.6032,0,-337.8289,229.5006,-8.981398,157.336
1698.134,690.1917,0,-106.8388,48.73895,-16.65006,158.9773
1703.559,655.6882,0,129.2538,-75.39283,-11.0144,-38.40485
1708.984,1741.012,0,282.9549,100.9486,-13.74159,23.5952
1714.41,1548.333,0,14.09579,196.2942,-17.90788,93.18363
1719.835,1468.758,0,-13.1544,38.62172,-31.2061,110.3016
1725.26,1842.282,0,-231.3944,-191.4682,-16.81946,-145.6691
1730.686,1499.369,0,-333.4623,120.9024,-14.284,163.8451
1736.111,1121.799,0,13.70927,194.7507,-15.21257,95.9415
1741.536,1127.409,0,-22.90634,278.7274,-12.53129,108.3187
1746.962,1219.16,0,-125.9573,-60.08563,-19.68897,-157.055
1752.387,1050.502,0,23.82787,-266.0424,-11.97719,-99.40954
1757.813,1432.611,0,-315.9727,44.41033,-14.77858,173.4543
1763.238,1205.399,0,-231.2438,291.029,-11.91745,139.9215
1768.663,1046.326,0,-17.04418,135.4958,-17.89693,104.4312
1774.089,1156.877,0,-55.38209,24.56247,-26.02645,157.243
1779.514,1079.331,0,35.31368,-586.3657,-6.185781,-115.874
1784.939,733.9219,0,103.7092,-283.7621,-7.187862,-94.164
1790.365,790.3144,0,186.6219,-128.526,-8.703712,-46.5739
1795.79,1060.292,0,-36.10211,-170.5361,-16.07643,-110.794
1801.215,1051.604,0,29.05251,-80.98283,-21.52721,-74.79279
1806.641,863.3088,0,152.2606,5.755694,-13.38031,2.628621
1812.066,770.274,0,70.42894,22.09382,-19.5417,19.22504
1817.491,720.3034,0,-62.71082,-138.5234,-14.3691,-124.3891
1822.917,822.4575,0,-171.5506,70.29271,-14.60758,161.7637
1828.342,1123.828,0,-158.6825,270.2737,-12.42758,132.3182
1833.767,731.1241,0,-65.0278,146.6305,-14.06054,124.3518
1839.193,775.344,0,67.81226,214.3713,-10.33883,89.30223
1844.618,1114.277,0,77.76128,360.805,-9.465597,97.03027
1850.043,1015.021,0,5.484772,16.48811,-35.28438,72.53598
1855.469,1081.822,0,10.40005,-146.3783,-17.34812,-93.71564
1860.894,934.4,0,128.6744,-167.7404,-11.80552,-64.26818
1866.319,1333.735,0,-177.8018,140.7875,-16.51334,146.9483
1871.745,1212.972,0,-576.0804,-95.76736,-9.736833,-173.6256
1877.17,1381.84,0,-127.5291,-69.57607,-20.34138,-154.0237
1882.595,1140.169,0,133.4745,-20.73772,-17.44825,-10.01146
1888.021,861.1367,0,10.9991,109.5537,-17.82522,91.60976
1893.446,754.5245,0,-143.0663,109.2241,-14.02024,149.578
1898.871,794.8158,0,-38.90479,-48.89131,-22.52028,-131.8668
1904.297,576.3391,0,-215.7648,-199.1497,-8.886009,-151.4059
1909.722,547.8033,0,22.33301,-30.5722,-22.8619,-57.18161
1915.148,949.847,0,-13.35641,111.3724,-18.73447,103.4342
1920.573,784.1855,0,96.24429,20.07352,-16.9023,13.45257
1925.998,670.972,0,197.0236,-124.7008,-6.451839,-47.07168
1931.424,707.8374,0,208.1541,-170.9507,-5.848095,-58.28197
1936.849,776.1334,0,-22.9946,111.2373,-17.02894,109.604
1942.274,885.4413,0,-126.3945,78.24234,-16.68467,152.6629
1947.7,872.9749,0,-48.06893,165.8495,-14.67959,116.3711
1953.125,1324.677,0,-82.55025,487.2808,-9.580618,118.7146
1958.55,1257.471,0,-201.9921,297.4045,-12.34624,135.7015
1963.976,979.1187,0,-115.5545,114.2548,-16.61555,141.2826
1969.401,483.0091,0,-213.5902,-112.6436,-9.314383,-161.3792
1974.826,861.056,0,-113.7332,-55.19669,-17.75583,-157.3528
1980.252,982.4755,0,-100.0471,-10.14705,-20.64058,-174.7458
1985.677,629.5879,0,-221.9786,-148.2811,-10.20553,-156.1349
1991.102,977.025,0,147.5365,-239.7105,-9.735753,-74.50717
1996.528,1193.751,0,410.5785,-108.185,-5.399793,-22.62646
2001.953,1075.318,0,306.094,45.81239,-7.92313,11.92046
2007.378,760.2639,0,96.50839,274.4048,-7.851084,93.08401
2012.804,530.6919,0,-101.0898,210.641,-9.098075,134.0759
2018.229,1044.11,0,239.9273,63.28337,-10.24022,19.27534
2023.655,828.8051,0,50.39751,-36.11217,-21.98565,-38.27955
2029.08,812.9054,0,-130.5483,80.20215,-15.81958,153.2946
2034.505,589.0182,0,-160.6973,24.10897,-13.28558,173.3096
2039.931,493.3997,0,103.9799,96.47543,-9.030916,56.77039
2045.356,864.0378,0,157.566,37.51094,-12.80546,16.43019
2050.781,945.8533,0,-39.37494,202.987,-13.74151,112.6195
2056.207,569.3774,0,-100.4562,77.1563,-14.52331,149.0444
2061.632,932.6631,0,-112.4473,104.5173,-16.70319,142.8041
2067.057,1058.115,0,-198.6049,50.66248,-15.75824,167.998
2072.483,504.8987,0,-110.2549,-47.14317,-14.22793,-161.2316
2077.908,708.9714,0,-54.5026,-18.51086,-22.45598,-162.6297
2083.333,492.5249,0,-108.3761,53.52176,-13.96389,158.8073
2088.759,562.7505,0,-235.4162,-78.79923,-10.18607,-167.1317
2094.184,642.4384,0,-35.22665,-156.9363,-12.71923,-115.6901
2099.609,745.3735,0,-2.768524,-240.8393,-10.2728,-108.5028
2105.035,741.3395,0,-165.1413,-123.8703,-12.93184,-150.9082
2110.46,756.7827,0,111.088,105.5537,-12.6077,52.82086
2115.885,571.364,0,145.8966,66.48874,-8.581667,33.38184
2121.311,483.9766,0,79.99512,-70.99974,-11.67501,-51.55862
2126.736,417.5886,0,0.7055624,-68.7147,-15.77525,-98.7716
2132.161,758.5903,0,-5.146329,-15.67947,-33.30974,-109.347
2137.587,871.879,0,-204.66,-82.89502,-13.78587,-162.3534
2143.012,770.8675,0,-349.2456,-239.206,-8.645731,-157.6466
2148.438,521.1587,0,-204.6993,-94.03761,-10.2354,-162.708
2153.863,540.9205,0,20.70005,-10.09791,-27.07886,-27.11609
2159.288,695.4119,0,96.05685,67.55565,-14.21265,41.54916
2164.714,435.6021,0,-58.54556,21.92167,-17.96597,162.0123
2170.139,499.4326,0,-67.69765,-37.81139,-17.30224,-154.6295
2175.564,466.293,0,-18.64579,19.79494,-25.03156,135.6252
2180.99,695.6115,0,-5.236616,21.68069,-29.94892,105.3507
2186.415,456.1447,0,103.911,52.7421,-9.704164,35.42696
2191.84,594.415,0,-150.0588,16.60274,-13.86108,174.9639
2197.266,960.3478,0,-96.46477,-58.19089,-19.45793,-152.0518
2202.691,762.3156,0,19.79857,-10.70655,-30.36826,-29.22948
2208.116,701.4463,0,-38.24532,-37.89476,-22.77034,-138.1965
2213.542,636.552,0,10.45792,-73.56371,-18.57217,-88.61028
2218.967,714.3922,0,44.70938,63.26532,-18.77342,60.14803
2224.392,686.6734,0,-55.39123,-89.22286,-17.04585,-128.6889
2229.818,852.8731,0,-47.08106,22.86486,-24.71061,155.5519
2235.243,776.049,0,88.54887,113.0346,-13.71889,61.2623
2240.668,815.7906,0,-139.1287,258.3964,-10.55491,133.4408
2246.094,985.9146,0,-35.82661,121.452,-18.1973,113.2141
2251.519,885.8616,0,144.169,24.51993,-14.10794,11.54585
2256.944,629.7299,0,174.3174,-4.157771,-8.339176,-1.889422
2262.37,575.1557,0,34.28959,-156.6539,-10.90957,-93.80627
2267.795,803.0799,0,88.97537,-138.269,-12.91582,-68.19727
2273.22,907.9782,0,303.556,-103.7106,-5.628581,-28.59921
2278.646,534.5554,0,7.905617,-62.02788,-18.56855,-89.45391
2284.071,479.4634,0,-9.845409,82.04408,-15.56904,106.3613
2289.497,541.5334,0,150.3064,-20.463,-8.241138,-10.7468
2294.922,619.4197,0,20.50349,12.16451,-28.00281,31.84377
2300.347,518.9872,0,-122.4799,-39.59021,-13.96711,-165.6189
2305.772,648.4337,0,-6.193319,21.81804,-29.21182,107.7561
2311.198,701.2144,0,112.6139,17.26429,-14.26742,10.39594
2316.623,529.2894,0,-68.0499,96.92684,-14.16808,134.2885
2322.049,495.3798,0,-225.1832,-72.13744,-9.721757,-167.9541
2327.474,669.1257,0,-92.97442,-134.389,-13.50736,-134.6774
2332.899,585.4628,0,111.0098,-70.19772,-11.24979,-40.72359
2338.325,649.8997,0,42.3647,-78.70836,-16.71837,-69.09045
2343.75,756.4315,0,-201.2091,-133.9195,-12.04258,-154.3141
2349.175,736.3692,0,84.10017,-44.43845,-16.74331,-31.74941
2354.601,596.0827,0,38.3081,-83.45204,-15.76614,-73.85208
2360.026,351.2843,0,38.82876,-105.504,-9.347628,-88.45262
2365.451,302.2722,0,-18.15186,-181.4864,-6.102769,-125.2386
2370.877,443.6098,0,-72.01475,-138.7075,-10.6716,-132.4943
2376.302,624.6572,0,32.00855,-48.46827,-20.2038,-61.23452
2381.727,527.8451,0,-28.72171,-31.28584,-22.36231,-135.7706
2387.153,317.6678,0,2.157439,84.29021,-11.76129,103.4914
2392.578,560.5942,0,21.7885,158.3991,-10.91218,98.55024
2398.003,823.3532,0,-137.9818,263.3418,-10.50781,132.9724
2403.429,670.3292,0,-96.61089,-68.29067,-16.26909,-149.8333
2408.854,525.108,0,-10.1475,-56.99454,-19.36799,-106.1734
2414.28,456.3274,0,-64.05837,-4.436992,-18.17452,-176.5263
2419.705,481.5294,0,-21.65781,104.1168,-13.68228,113.4411
2425.13,600.3975,0,8.316416,181.5979,-10.64676,104.4293
2430.555,505.1047,0,-7.425093,-24.14658,-26.15452,-109.7901
2435.981,361.5742,0,16.43055,42.61388,-17.63276,75.95348
2441.406,474.4288,0,-74.42442,-12.59411,-17.23449,-171.7099
2446.832,529.8051,0,32.89349,-27.23349,-21.32921,-42.75934
2452.257,569.6354,0,90.08865,33.69249,-13.97605,24.52437
2457.682,485.8102,0,40.05025,-15.78079,-20.30857,-23.53321
2463.108,511.966,0,148.3196,-75.75875,-6.967339,-38.82521
2468.533,585.5518,0,149.9253,-87.18002,-8.170347,-41.49442
2473.958,438.4207,0,61.25877,91.84705,-10.92125,69.98446
2479.384,410.7523,0,-14.70614,13.88385,-26.46419,138.5165
2484.809,495.7099,0,54.79262,-55.54648,-15.11104,-52.5717
2490.234,493.3232,0,21.77888,-225.3617,-7.265912,-110.0243
2495.66,541.2739,0,155.8569,-221.7625,-4.299516,-84.81548
2501.085,626.6619,0,101.1503,180.543,-8.578995,79.70051
2506.51,867.3802,0,67.5403,27.63528,-20.80172,24.23161
2511.936,431.7269,0,54.78665,-91.95435,-11.18573,-72.9229
2517.361,261.2419,0,107.7714,-114.2693,-1.714003,-83.34647
2522.786,349.903,0,51.65592,55.88233,-12.01371,57.86307
2528.212,499.5842,0,-3.80825,183.1086,-9.32175,111.1803
2533.637,586.4097,0,133.3169,104.9925,-8.757456,51.26841
2539.063,516.0949,0,56.21386,-21.9828,-17.64794,-24.09502
2544.488,374.7763,0,32.11592,-188.2867,-6.222222,-109.1084
2549.913,638.4001,0,295.8506,-123.1745,-1.106874,-42.38156
2555.339,537.3939,0,168.8211,-70.24247,-6.243447,-33.38106
2560.764,428.2018,0,-14.74253,-159.143,-9.38139,-115.0552
2566.189,646.2155,0,-85.22305,-234.4602,-9.768013,-127.7486
2571.615,534.474,0,-89.82959,-131.7202,-12.04539,-136.2069
2577.04,346.1306,0,-31.24066,-54.31231,-15.68513,-128.0976
2582.465,405.4315,0,-30.05854,69.36406,-15.31829,122.4792
2587.891,395.6711,0,-103.447,-68.51617,-12.17113,-154.2986
2593.316,526.0896,0,-4.379362,-161.5562,-10.70876,-108.4911
2598.741,527.5679,0,70.81709,-19.58588,-15.8787,-17.91524
2604.167,507.0815,0,48.19221,-22.49691,-18.72887,-27.8306
2609.592,502.202,0,26.81629,36.54635,-20.43893,58.12632
2615.017,422.8108,0,-43.99632,23.19629,-19.45991,155.0451
2620.443,388.6939,0,-16.6331,-91.94488,-12.96362,-113.0348
2625.868,373.2655,0,-56.44852,-123.391,-10.35673,-130.6042
2631.293,511.0755,0,79.21783,-40.26722,-13.76983,-32.27165
2636.719,554.3046,0,-79.66473,84.53204,-14.81709,140.897
2642.144,449.0014,0,-102.3457,97.56538,-11.95349,146.4049
2647.569,394.5344,0,-24.06325,-49.11149,-17.73717,-122.7951
2652.995,592.0649,0,87.42035,-15.78822,-15.09232,-12.0293
2658.42,616.6773,0,-98.54559,-156.5518,-11.94931,-134.5359
2663.845,450.3997,0,-90.46075,-119.8436,-11.33924,-139.5401
2669.271,383.5378,0,36.16435,-2.340859,-19.63236,-4.089591
2674.696,458.4762,0,-8.015427,-34.89862,-22.32169,-107.2136
2680.122,374.1743,0,-17.04573,103.5446,-11.72379,114.1729
2685.547,424.7165,0,-40.36876,36.62491,-18.64844,142.2865
2690.972,529.8584,0,-59.35933,-105.5235,-13.88166,-129.5122
2696.397,534.5511,0,-60.03985,-58.93769,-17.02746,-141.1916
2701.823,510.81,0,120.0456,-78.84251,-8.867214,-44.70289
2707.248,408.5035,0,177.6179,25.4208,-2.242476,14.42793
2712.674,344.0714,0,-51.04541,-34.14231,-16.20187,-151.1617
2718.099,476.0137,0,-83.61138,-153.6288,-10.41732,-133.9077
2723.524,354.7361,0,-46.7206,-29.1839,-17.27477,-152.167
2728.95,285.3246,0,-7.776919,86.50273,-10.9275,111.5802
2734.375,391.3,0,134.9049,110.287,-4.092086,62.54126
2739.8,559.0229,0,104.6963,64.07387,-11.45269,39.49404
2745.226,536.7087,0,-7.646444,-167.6329,-10.61491,-109.7278
2750.651,560.1697,0,-55.21213,-113.5888,-13.90057,-126.3811
2756.076,566.312,0,-230.2876,87.2173,-10.24901,165.505
2761.502,455.0044,0,-72.64749,94.14857,-13.07807,137.7715
2766.927,421.0585,0,66.57502,-31.37431,-13.68856,-30.29065
2772.352,504.4151,0,18.60126,76.5845,-15.90425,85.30653
2777.778,323.1153,0,-62.75044,71.63636,-12.30011,141.7343
2783.203,254.5689,0,3.825706,-36.18427,-16.85542,-92.17619
2788.628,447.8649,0,-0.6523933,103.2138,-12.98475,103.3216
2794.054,651.5891,0,-94.71145,172.1944,-11.81528,131.8045
2799.479,714.5406,0,-109.8006,35.76996,-17.08016,164.4405
2804.905,490.2104,0,-50.95161,-64.51018,-16.42988,-135.1004
2810.33,348.0304,0,-88.25684,10.41092,-13.82294,174.6393
2815.755,391.36,0,-6.755199,154.6412,-8.815696,113.7291
2821.18,419.2183,0,76.07077,141.5944,-7.27026,84.17605
2826.606,374.3233,0,-70.21101,-65.63004,-13.39649,-145.3298
2832.031,330.4275,0,-28.89688,3.171873,-21.84104,174.2417
2837.457,393.2031,0,69.38688,140.699,-7.045784,87.23449
2842.882,413.1123,0,-81.33573,77.41854,-12.98075,145.3123
2848.307,443.324,0,-125.0146,-12.76592,-13.11007,-175.4562
2853.733,504.4986,0,-74.96271,-46.20524,-16.39257,-152.9103
2859.158,567.9798,0,63.97359,12.63377,-17.76528,12.60717
2864.583,413.987,0,122.3074,-25.07259,-7.402261,-16.49796
2870.009,525.3845,0,7.49417,-90.05092,-15.29438,-95.10671
2875.434,551.8463,0,-15.21221,-14.58906,-28.59914,-137.6716
2880.859,400.9484,0,-15.29258,101.7678,-12.38985,112.2847
2886.285,449.6334,0,4.665583,-75.90839,-15.46898,-96.1639
2891.71,568.1436,0,-62.40321,-106.225,-14.30376,-129.9952
2897.135,290.9186,0,-57.42902,35.93315,-14.26878,153.8553
2902.561,330.2817,0,-25.13545,-84.42398,-12.35498,-119.9419
2907.986,502.3049,0,-161.8988,-41.68775,-11.99942,-169.1518
2913.411,442.5089,0,25.47906,11.04711,-23.5346,24.95781
2918.837,342.2721,0,113.1316,1.759725,-6.129561,1.331149
2924.262,404.8933,0,50.22915,1.813558,-16.97169,2.360782
2929.688,371.6997,0,102.4809,14.99902,-8.310667,11.51548
2935.113,319.5153,0,45.37793,-30.59917,-14.0485,-40.36149
2940.538,416.1089,0,-12.5584,-55.17947,-17.65891,-110.1566
2945.963,487.2568,0,-6.343273,92.27487,-14.69454,104.5213
2951.389,268.3722,0,12.26233,132.7317,-6.70535,112.1177
2956.814,229.1481,0,140.0541,152.3192,1.383058,107.0781
2962.24,330.3939,0,-40.15033,9.578356,-19.06553,168.0629
2967.665,377.868,0,-87.79802,-39.33316,-13.72833,-160.6959
2973.09,488.8933,0,71.52362,-88.02541,-11.50563,-62.81441
2978.516,517.5311,0,36.25171,-73.05211,-15.51813,-72.23824
2983.941,373.4328,0,45.50101,13.20771,-16.81096,18.49296
2989.366,459.6964,0,28.03827,-63.48777,-15.96812,-74.53919
2994.792,383.5948,0,5.722074,-54.42257,-16.87275,-92.19347
3000.217,297.301,0,-67.18406,86.57584,-10.67687,141.1738
3005.642,287.9003,0,-110.5897,-3.206734,-11.13069,-178.8001
3011.068,277.1754,0,-38.45608,-64.71016,-12.62944,-132.3084
3016.493,364.6349,0,-22.53373,22.60211,-21.69264,138.2542
3021.918,311.0309,0,-55.1375,8.381147,-16.34775,172.6682
3027.344,403.8163,0,-29.45312,-2.093479,-23.33075,-176.2112
3032.769,456.977,0,25.85078,66.62486,-15.71281,77.57831
3038.194,294.7762,0,57.45125,10.87541,-12.17709,13.34289
3043.62,279.901,0,39.87749,51.16175,-11.55755,64.09843
3049.045,290.5702,0,1.132556,29.79787,-19.78691,93.7013
3054.47,286.3211,0,-80.18398,-20.21616,-12.9454,-169.0066
3059.896,315.3196,0,-2.595467,-15.47657,-26.14255,-102.3071
3065.321,389.4837,0,-24.23501,32.66519,-20.17482,131.0869
3070.747,526.6445,0,-108.3846,124.4617,-11.86783,142.1393
3076.172,394.7282,0,-27.42813,-82.18137,-13.91688,-119.4725
3081.597,301.4269,0,32.69967,-10.88436,-17.84615,-20.72985
3087.022,352.0754,0,-19.48698,59.50508,-15.57709,117.2314
3092.448,343.4029,0,-27.6331,64.5236,-14.59199,123.0488
3097.873,321.7363,0,10.51813,37.81012,-18.04906,81.38129
3103.299,370.007,0,16.21495,-49.11911,-16.78365,-79.63537
3108.724,377.4772,0,-36.54162,-41.12252,-17.57384,-137.2967
3114.149,406.9982,0,24.38393,-19.74402,-21.73505,-41.9516
3119.575,332.4749,0,16.39679,-24.68647,-20.58599,-60.8737
3125,323.1853,0,-41.01708,32.89165,-16.84634,146.4343
3130.425,315.739,0,29.8208,21.04377,-17.90286,39.41906
3135.851,321.1909,0,-5.807407,49.3359,-16.46564,105.2933
3141.276,358.6191,0,-19.69983,53.86237,-16.47336,118.1926
3146.701,459.0439,0,-81.54533,-2.515348,-16.42533,-178.4998
3152.127,439.1587,0,-2.883749,-77.19684,-15.2817,-102.0454
3157.552,321.8925,0,65.84357,2.829722,-11.78871,3.094032
3162.977,267.2006,0,24.58171,13.61654,-18.73769,32.19561
3168.403,343.9138,0,18.12418,-62.50192,-14.14721,-84.6891
3173.828,367.8515,0,58.15072,42.20852,-12.7697,43.73483
3179.253,417.5108,0,20.3905,2.028717,-25.74722,5.974542
3184.679,509.791,0,-21.08425,-149.2558,-11.26581,-113.7439
3190.104,435.2711,0,18.06662,-61.08468,-16.41625,-81.85343
3195.53,401.7248,0,-14.89501,22.02195,-23.91378,127.0991
3200.955,337.1158,0,-41.66764,40.91641,-16.29022,141.6864
3206.38,318.8871,0,-39.41243,97.52856,-10.95576,127.2311
3211.805,358.6454,0,33.9816,119.4974,-8.895549,94.33269
3217.231,516.1937,0,92.19318,-50.76363,-12.1651,-35.66543
3222.656,469.8064,0,-19.43556,-42.7376,-20.39089,-119.4468
3228.082,503.5421,0,-127.0466,-70.01145,-12.81717,-157.4775
3233.507,500.3759,0,-74.49599,14.14545,-17.59756,170.6581
3238.932,320.4533,0,29.37034,52.13042,-13.87837,70.75658
3244.358,422.6816,0,79.1036,-95.46057,-9.176689,-65.88064
3249.783,349.6272,0,161.4481,-62.37802,-1.179276,-39.46427
3255.208,259.9048,0,129.027,-53.09311,-0.1060149,-44.44748
3260.634,222.3002,0,-12.99752,19.2916,-20.12866,128.6568
3266.059,223.0543,0,-25.1673,34.04457,-15.44332,134.2831
3271.484,347.951,0,-42.54194,99.5602,-11.41574,127.4404
3276.91,299.188,0,-55.66016,31.95922,-14.88755,155.2826
3282.335,332.6209,0,-66.08128,36.47958,-14.49234,156.3273
3287.76,454.5705,0,-36.37012,-58.69755,-17.09869,-128.6012
3293.186,380.0983,0,62.83056,-19.80062,-13.67076,-21.06308
3298.611,262.9888,0,28.26127,-19.84192,-16.67798,-39.90408
3304.036,294.6138,0,-64.18375,-9.928401,-14.84912,-172.7918
3309.462,333.4034,0,-81.25378,-40.44055,-13.23688,-159.1105
3314.887,281.1221,0,-37.81576,26.82949,-16.78065,149.4536
3320.313,321.5613,0,-1.376615,-0.9992963,-45.56794,-144.2011
3325.738,409.3238,0,123.1624,-117.9387,-5.177836,-66.15739
3331.163,369.5211,0,102.9221,8.54638,-8.241621,6.582908
3336.588,408.6342,0,-52.02888,3.715087,-18.92097,176.3778
3342.014,308.5254,0,-24.32147,3.174422,-22.65213,173.1102
3347.439,427.7097,0,47.04518,25.71027,-17.04535,32.52059
3352.865,504.2075,0,61.82763,-64.23503,-14.00351,-54.35583
3358.29,419.4902,0,4.199679,32.64178,-22.04701,87.16282
3363.715,224.3182,0,-90.87274,14.51189,-10.70263,173.5629
3369.141,294.4604,0,-58.68351,0.7083257,-15.5881,179.4234
3374.566,448.0036,0,19.06724,-34.53386,-20.75541,-65.6985
3379.991,351.3035,0,40.77329,-60.72298,-12.72172,-67.18442
3385.417,298.5146,0,-38.11379,-22.97053,-17.59587,-152.827
3390.842,283.0307,0,-25.28108,-96.94585,-10.17297,-122.0711
3396.267,293.5982,0,-11.51351,73.22351,-12.53329,112.4311
3401.693,284.3967,0,-57.8678,36.98148,-14.00162,153.5855
3407.118,298.743,0,10.45739,-22.04289,-21.47481,-68.99227
3412.543,397.5763,0,-43.20184,34.38341,-18.06972,145.9449
3417.969,382.4247,0,29.85007,54.91639,-15.13087,70.32664
3423.394,442.1911,0,88.55609,51.81905,-10.84016,38.67062
3428.819,537.5383,0,-103.8805,148.9151,-11.19005,137.9695
3434.245,541.7723,0,-164.6331,91.99111,-11.54371,158.2246
3439.67,351.6324,0,-31.06262,18.41857,-20.5139,152.0896
3445.095,339.7796,0,-31.67252,-66.413,-14.19966,-125.6336
3450.521,308.5885,0,63.41933,11.89815,-11.60487,13.40419
3455.946,247.5485,0,86.42832,13.34002,-5.337298,13.50727
3461.372,281.9204,0,0.9714417,-30.77804,-19.25522,-94.44402
3466.797,381.4163,0,-0.879662,37.88293,-20.11922,96.98935
3472.222,336.073,0,5.25359,17.41925,-25.20516,76.23097
3477.647,317.5075,0,53.53616,-50.20741,-11.27208,-53.93126
3483.073,374.1571,0,-38.96395,-24.90232,-19.03658,-150.8664
3488.498,309.3863,0,49.45297,34.63358,-12.75659,42.59425
3493.924,313.4675,0,56.67566,113.8292,-6.883832,87.43771
3499.349,309.3393,0,33.35951,35.94375,-15.07979,54.55597
3504.774,363.0822,0,-96.31771,34.06036,-13.08178,164.7653
3510.2,458.7745,0,-95.14867,-11.98572,-15.2346,-174.0599
3515.625,252.9867,0,-14.77903,-69.90712,-11.76114,-116.569
3521.05,212.9163,0,-13.52714,-90.52774,-8.511583,-120.2891
3526.476,214.6088,0,-8.978801,13.64853,-22.7416,126.8324
3531.901,216.1341,0,-38.6557,-10.13218,-16.09766,-167.5897
3537.326,354.043,0,30.5423,-113.5624,-9.294209,-94.28988
3542.752,404.1899,0,11.48888,-138.2055,-9.547943,-104.6368
3548.177,323.2189,0,-58.33455,-25.95525,-15.54818,-159.9055
3553.602,273.6277,0,-81.72573,-44.75447,-11.69533,-158.4723
3559.028,299.9731,0,-89.32564,-33.61938,-12.24306,-164.311
3564.453,301.0291,0,-87.88757,78.54591,-10.54258,149.6305
3569.878,282.1856,0,-90.6868,2.508798,-12.2772,178.8008
3575.304,231.9193,0,-15.93879,-1.472391,-23.7982,-175.0625
3580.729,312.1287,0,25.92035,135.8749,-7.198328,104.5953
3586.155,387.0141,0,53.44266,65.80759,-12.06427,62.07989
3591.58,267.2121,0,27.33194,-17.40334,-17.41116,-36.63609
3597.005,357.47,0,-48.70929,-10.9609,-18.21075,-168.8639
3602.43,376.2789,0,-13.85812,-25.46058,-22.59851,-122.2932
3607.856,387.3503,0,-9.358806,25.11165,-23.42446,114.0618
3613.281,355.0196,0,66.02195,22.41922,-12.37622,23.19194
3618.707,230.3715,0,92.20056,-37.00616,-3.165851,-36.86241
3624.132,215.5112,0,35.52938,-36.52172,-11.13648,-57.25972
3629.557,172.8268,0,28.55851,-25.20407,-11.69781,-51.33947
3634.983,167.7293,0,53.49488,22.81271,-6.033883,34.38911
3640.408,272.9265,0,44.23867,-52.68099,-10.65866,-62.95072
3645.833,284.7585,0,72.41083,-17.56388,-9.126209,-18.36261
3651.259,365.6542,0,57.5926,86.7638,-9.752026,72.15392
3656.684,336.3141,0,70.17103,5.077604,-11.55805,5.231716
3662.109,175.7685,0,-96.28999,-19.63437,-8.867262,-172.6028
3667.535,202.2519,0,-106.2419,13.46932,-9.198031,175.2746
3672.96,300.1913,0,-61.03128,-31.29642,-14.46304,-157.8033
3678.385,279.9415,0,-1.348226,73.1741,-11.97883,105.6372
3683.811,224.6103,0,23.93164,31.55378,-14.20162,61.75764
3689.236,256.9726,0,-86.44976,-64.23643,-10.22139,-153.9805
3694.661,363.4571,0,44.93709,-62.62261,-12.48889,-65.46009
3700.087,326.6458,0,65.29139,-7.481321,-11.99439,-8.176303
3705.512,358.9248,0,60.10693,37.5601,-12.56605,39.16502
3710.938,290.7312,0,58.70132,-8.766856,-11.84831,-10.65796
3716.363,245.3734,0,68.69797,-27.37886,-7.667495,-30.53813
3721.788,343.1389,0,-8.63944,14.84331,-26.23542,122.6174
3727.213,342.2106,0,-0.5508833,-27.24947,-22.01827,-95.7036
3732.639,295.0859,0,-54.69038,-25.68951,-15.27507,-159.0399
3738.064,396.6583,0,-25.85581,14.51751,-23.08067,152.6546
3743.49,437.7828,0,-86.78795,-100.6851,-12.08093,-141.6256
3748.915,281.5833,0,-11.42144,-59.64156,-13.84641,-112.3464
3754.34,261.8354,0,-78.44523,62.36324,-10.76166,151.901
3759.766,244.4337,0,-3.779791,85.13409,-9.768904,111.4735
3765.191,220.2237,0,-49.06903,43.65382,-12.36892,147.5503
3770.616,346.6185,0,82.94838,-50.09092,-8.848757,-41.88358
3776.042,266.5158,0,66.22826,-29.66532,-8.912339,-32.55385
3781.467,261.5576,0,-67.9982,-49.57926,-11.9543,-152.4588
3786.892,266.4917,0,-40.59245,-83.28645,-10.71632,-131.1584
3792.318,293.9338,0,-17.24166,11.05487,-23.63842,149.3678
3797.743,368.4104,0,-75.18642,47.19299,-14.02329,153.957
3803.168,366.0925,0,-86.13266,24.52582,-14.07792,167.2103
3808.594,414.8574,0,-19.78445,65.55209,-16.14997,115.3711
3814.019,338.3085,0,-20.05105,56.61674,-15.62139,118.4797
3819.444,227.0776,0,32.13435,-15.67125,-14.76013,-30.59358
3824.87,396.3194,0,9.526061,-49.68254,-17.73977,-86.46532
3830.295,435.3576,0,-12.89061,40.5668,-20.48462,112.7995
3835.72,217.7078,0,-24.7599,101.5066,-8.013526,126.4242
3841.146,190.469,0,61.12339,-48.72657,-4.95071,-59.20348
3846.571,243.8601,0,41.67387,-17.71835,-13.02934,-28.04185
3851.997,294.7638,0,-36.25415,36.9561,-16.16929,140.821
3857.422,407.0981,0,-75.44815,75.62799,-13.20254,143.8391
3862.847,290.1137,0,-61.73608,-6.942101,-15.06348,-174.7145
3868.272,327.6429,0,-32.26413,-80.96056,-12.53258,-124.4057
3873.698,302.966,0,-60.14428,-86.62009,-10.97994,-138.1912
3879.123,305.9686,0,47.24846,-74.12579,-9.719092,-73.4737
3884.549,411.8341,0,-11.77409,-85.72094,-13.97067,-109.2607
3889.974,264.7439,0,11.48305,-147.5157,-5.937026,-115.7682
3895.399,230.2496,0,-27.84769,-81.69967,-9.928638,-126.3869
3900.825,215.8845,0,-10.99942,-3.26827,-25.92215,-164.277
3906.25,185.3291,0,2.433787,-17.23031,-20.47077,-87.342
3911.675,206.1098,0,16.78329,-60.94609,-9.956078,-92.44744
3917.101,308.2265,0,58.63899,5.225212,-12.54828,6.291406
3922.526,307.9795,0,-29.26021,-38.72505,-16.8943,-133.6248
3927.951,342.0342,0,-75.74103,-94.33507,-10.98066,-141.485
3933.377,234.6463,0,8.951535,-95.83361,-8.122266,-107.6705
3938.802,218.9365,0,28.74089,-21.78105,-14.49965,-43.68937
3944.227,227.2586,0,-7.682837,21.47788,-20.29259,114.906
3949.653,240.2014,0,3.194617,-26.09427,-19.15203,-89.30315
3955.078,249.8786,0,-11.51786,44.84763,-15.1598,114.1389
3960.503,300.3124,0,-95.20145,19.83542,-12.19672,171.1017
3965.929,193.2271,0,-75.45966,3.792716,-11.02054,177.9314
3971.354,255.9302,0,57.5469,-86.89597,-6.353042,-80.13987
3976.78,236.9603,0,-13.74372,-80.44395,-10.174,-117.4853
3982.205,260.2444,0,-59.62411,93.38798,-9.563992,138.832
3987.63,296.809,0,11.39441,-27.77119,-19.60286,-73.2493
3993.055,270.8741,0,33.39583,-58.5916,-11.19066,-74.17733
3998.481,352.891,0,14.84344,-96.80016,-11.10336,-97.26122
4003.906,343.1058,0,-51.05661,-89.92139,-11.843,-132.4387
4009.332,230.39,0,1.842517,-43.97569,-14.46554,-98.49218
4014.757,242.4956,0,37.09292,-11.4947,-14.48165,-20.42069
4020.182,383.1724,0,44.09009,-41.39162,-15.03885,-50.15153
4025.608,269.8083,0,-4.37436,0.7375646,-35.8208,170.5835
4031.033,291.2169,0,-38.14896,21.26146,-17.56723,154.5614
4036.458,331.7314,0,-81.02671,43.44659,-13.09169,157.8085
4041.884,332.3011,0,-38.66861,49.388,-15.51425,135.6427
4047.309,249.9526,0,-18.68859,20.10947,-19.836,137.1836
4052.734,208.8061,0,25.5397,51.96921,-10.34312,79.66055
4058.16,239.2681,0,1.467898,17.75255,-22.53357,89.54256
4063.585,249.5317,0,-52.4793,-6.5186,-15.13622,-174.1559
4069.01,317.8467,0,-21.1655,80.2766,-12.45759,118.0923
4074.436,388.0678,0,-56.89164,-15.41317,-17.56304,-166.8251
4079.861,290.966,0,-47.52518,-23.09055,-16.15224,-157.9892
4085.286,278.2882,0,-25.08165,-32.32922,-17.45024,-133.8879
4090.712,326.5496,0,-61.50591,21.62903,-15.50665,163.8156
4096.137,333.5926,0,6.978615,-45.43646,-17.11459,-89.18793
4101.563,348.1951,0,-26.3596,-67.89557,-14.36416,-121.4925
4106.988,234.0858,0,-77.60663,5.887731,-12.05317,176.7437
4112.413,232.75,0,-61.48732,3.839126,-13.58209,177.1748
4117.838,273.0053,0,-49.77673,6.696819,-16.16162,173.5262
4123.264,237.311,0,-77.98116,-34.33072,-11.41629,-162.453
4128.689,350.6519,0,-82.50913,-24.23447,-14.05714,-166.8337
4134.115,223.6359,0,31.24409,100.7942,-6.269871,100.4277
4139.54,180.3052,0,67.83506,63.09781,-2.872792,72.22112
4144.965,213.2994,0,39.25559,-2.414245,-12.91958,-4.314022
4150.391,330.5084,0,29.15878,-62.18399,-13.02578,-76.53701
4155.816,308.1704,0,-12.60624,-69.6799,-13.32227,-112.5104
4161.241,261.2607,0,3.595554,-51.11317,-14.19664,-97.1963
4166.667,239.1584,0,3.540714,-46.82359,-14.17832,-96.91541
4172.092,217.8191,0,-30.97332,-26.35938,-15.77944,-145.6489
4177.517,185.0897,0,-52.46339,33.79821,-11.69748,155.3069
4182.943,268.1458,0,-118.3945,6.909877,-10.26389,177.6839
4188.368,288.8658,0,-44.62631,22.08311,-16.53765,157.4602
4193.793,317.1928,0,38.40187,-60.37705,-12.01186,-69.76194
4199.219,364.9443,0,64.25628,-73.21902,-10.03988,-62.4156
4204.644,261.9528,0,35.69273,-37.65763,-12.90997,-55.98388
4210.069,262.6724,0,-31.20005,-35.88309,-15.88437,-137.9683
4215.495,282.8051,0,-44.68989,21.01118,-16.45043,158.4901
4220.92,261.0504,0,10.59406,-39.72341,-15.8032,-84.0793
4226.345,270.0472,0,5.053427,-88.60406,-9.9618,-105.2238
4231.771,325.0483,0,-11.42466,-32.33698,-19.87411,-114.9479
4237.196,298.5908,0,-75.47191,62.01348,-11.78039,150.004
4242.622,260.1585,0,13.81973,27.46861,-18.12766,69.6552
4248.047,215.2647,0,-1.169063,25.82506,-18.51818,99.39634
4253.472,258.3803,0,18.59208,-7.628164,-21.5387,-24.12998
4258.897,249.5573,0,19.08879,1.134044,-21.62147,3.681811
4264.323,192.2698,0,-5.040403,11.6827,-23.82596,116.7259
4269.748,238.5089,0,-57.68456,-18.62687,-13.79671,-165.7027
4275.173,262.7382,0,-37.28398,-77.14026,-11.1637,-130.215
4280.599,314.6439,0,31.19964,-93.38538,-9.631757,-89.76107
4286.024,296.2703,0,5.002465,-45.29572,-16.21584,-92.53718
4291.45,262.4564,0,-115.7564,-89.27661,-8.492191,-155.6404
4296.875,281.256,0,-50.8552,7.49964,-16.20774,172.9046
4302.3,251.7602,0,-49.90588,122.3046,-7.833747,134.2668
4307.726,247.4257,0,-5.046734,59.55695,-12.74974,108.1167
4313.151,286.44,0,21.66275,70.5235,-11.39702,87.83907
4318.576,229.5539,0,3.62647,6.522007,-29.62539,62.57791
4324.001,230.5581,0,70.007,-32.98935,-6.518117,-36.84246
4329.427,167.3778,0,30.22793,20.55583,-11.58144,42.74075
4334.853,166.7172,0,39.56391,-2.859457,-10.12014,-5.422095
4340.278,270.7495,0,84.39619,13.45139,-6.793909,13.18442
4345.703,266.848,0,34.77663,39.11873,-13.05709,57.93087
4351.128,189.9285,0,93.14245,9.611975,-0.329921,11.5634
4356.554,253.6689,0,65.29102,7.572294,-9.152514,8.91737
4361.979,220.5245,0,-21.96302,-12.11874,-19.71647,-153.9721
4367.404,238.2641,0,1.329343,18.67344,-22.07303,90.43436
4372.83,247.6253,0,-33.50369,-0.4581203,-18.47546,-179.31
4378.255,206.0778,0,-52.06357,19.95856,-13.33689,163.4468
4383.681,267.7128,0,-27.16019,23.05967,-18.38311,144.1395
4389.106,316.2422,0,-85.76582,-20.31939,-13.19232,-169.5649
4394.531,241.8531,0,-50.20543,-9.256796,-15.15356,-171.3686
4399.957,252.6368,0,56.28554,-15.84659,-10.54965,-20.33807
4405.382,306.1851,0,150.9054,34.07973,-0.2364809,25.10454
4410.807,271.6743,0,87.33661,52.42748,-5.48966,46.85234
4416.232,260.0833,0,7.232703,-43.44183,-15.30671,-90.29615
4421.658,202.6407,0,-11.77101,-6.26985,-24.12771,-153.6329
4427.083,175.438,0,23.67174,8.446251,-15.63189,22.82217
4432.509,154.9571,0,0.8715558,29.17484,-14.60416,99.01045
4437.934,261.6273,0,0.5262291,-3.248084,-37.99178,-81.51006
4443.359,314.5705,0,67.74251,32.37524,-10.41133,33.01645
4448.785,260.4106,0,51.13359,-45.91262,-9.87676,-54.29443
4454.21,287.394,0,-32.7436,-64.80541,-13.06149,-128.2494
4459.635,343.1101,0,-19.48446,-22.65183,-21.69805,-134.2759
4465.061,304.8245,0,3.044692,30.72176,-19.84721,90.15295
4470.486,236.0834,0,18.30219,-2.050914,-21.45654,-6.933354
4475.912,262.3298,0,84.24152,-51.35122,-5.476845,-47.45004
4481.337,226.5701,0,39.21781,-47.06023,-9.97546,-64.29391
4486.762,182.9317,0,-1.666584,0.9036685,-39.76873,151.8127
4492.188,234.5048,0,32.8225,-69.26716,-8.887333,-83.60077
4497.613,269.0218,0,53.96838,-29.23366,-10.97027,-36.18473
4503.038,261.4065,0,43.05421,1.129461,-14.09997,1.799091
4508.463,176.9943,0,28.1797,-0.7510695,-14.45121,-1.815905
4513.889,265.0047,0,52.75284,15.08602,-11.7726,20.02475
4519.314,273.2281,0,42.49538,-1.741898,-14.68831,-2.779797
4524.74,178.9086,0,-5.499057,26.03642,-16.90014,109.9624
4530.165,257.2527,0,-14.94139,56.42584,-13.55643,116.5429
4535.59,289.0812,0,-64.94334,42.38583,-13.2507,153.6965
4541.016,242.8508,0,-18.22581,-4.393353,-22.87756,-167.4114
4546.441,321.2554,0,-13.76253,-5.059631,-27.17783,-160.6799
4551.866,206.0592,0,7.894329,4.596299,-26.72879,31.53786
4557.292,278.0518,0,56.42862,-28.98809,-10.93886,-34.64207
4562.717,254.9073,0,-6.098956,15.15168,-24.08625,115.2485
4568.142,264.8824,0,53.88656,81.29443,-7.303623,77.53246
4573.568,224.1945,0,33.89808,19.35507,-13.80432,35.53302
4578.993,264.2707,0,-6.87015,34.09833,-17.90457,108.5593
4584.418,217.8359,0,26.70144,1.698366,-17.0789,4.148541
4589.844,275.6176,0,28.14386,37.74723,-14.51294,61.96474
4595.269,301.0614,0,-16.29207,50.5791,-15.63165,116.9098
4600.694,249.4629,0,-18.43257,101.5021,-8.871469,121.0437
4606.12,227.6384,0,18.46127,52.37848,-11.7828,84.64249
4611.545,200.9207,0,3.359342,-2.386697,-33.61491,-36.08464
4616.97,204.0423,0,62.24654,47.26427,-5.631447,55.64427
4622.396,290.8325,0,91.64356,44.71388,-6.02937,38.66026
4627.821,286.5085,0,45.16389,69.26786,-9.647352,72.90883
4633.247,306.7399,0,-47.96142,55.33453,-13.80825,139.7841
4638.672,194.0283,0,-42.75874,28.72054,-13.31292,153.027
4644.097,197.4495,0,-63.07935,-17.07693,-12.03082,-168.6021
4649.522,283.7414,0,-40.27477,20.74227,-17.10669,156.4135
4654.948,274.5537,0,36.19741,30.75444,-14.08268,47.70436
4660.373,154.6946,0,52.60823,-5.789055,-5.719951,-9.52523
4665.798,255.6916,0,41.60489,36.36121,-11.88789,50.79164
4671.224,306.8717,0,41.75484,39.00984,-13.42263,51.42395
4676.649,250.9378,0,43.96741,-26.96282,-12.14223,-38.94086
4682.075,210.0628,0,19.273,-39.21525,-12.9821,-75.44231
4687.5,298.9929,0,-44.92482,-55.78468,-13.74056,-138.0587
4692.925,291.1743,0,-60.91664,-7.533355,-15.17445,-174.1759
4698.351,266.7286,0,-45.57286,-21.291,-15.88008,-158.8587
4703.776,211.3474,0,-39.82606,-11.38118,-15.66411,-166.646
4709.201,224.8197,0,-8.025643,-3.367267,-28.54847,-158.0674
4714.626,223.9754,0,24.07513,-26.05957,-15.09019,-54.69406
4720.052,298.7852,0,29.89458,-45.58788,-13.98419,-66.3673
4725.478,270.0194,0,47.0779,-32.71342,-11.889,-43.14235
4730.903,225.9456,0,41.45333,20.92328,-12.03825,33.25232
4736.328,147.6887,0,12.88856,-28.21842,-12.94654,-77.27509
4741.753,252.8963,0,-34.08359,-29.27074,-16.15176,-145.168
4747.179,221.6684,0,-17.8687,-41.84747,-14.55727,-123.0319
4752.604,224.7671,0,-47.96936,-14.43511,-14.73126,-166.2819
4758.029,264.4756,0,-50.42605,-17.24539,-15.44303,-164.2543
4763.455,213.4021,0,4.1669,-29.80874,-16.92904,-90.15041
4768.88,185.1197,0,3.599328,52.78335,-11.06094,102.3126
4774.306,197.4769,0,-64.21556,81.73898,-8.423904,145.4998
4779.731,189.8638,0,-42.74437,36.98816,-12.39596,148.1645
4785.156,244.1704,0,15.92641,30.92349,-16.41945,70.46603
4790.582,232.7819,0,42.94784,-31.06717,-11.19569,-45.17515
4796.007,282.7787,0,-39.8989,-38.70735,-15.33759,-142.7088
4801.432,301.9258,0,-79.7805,-19.28053,-13.3612,-169.3055
4806.857,202.3498,0,-43.56519,6.826023,-14.93092,172.685
4812.283,128.253,0,31.11455,21.00018,-8.456716,46.21557
4817.708,294.5894,0,79.191,31.62439,-8.141341,30.12135
4823.134,340.2501,0,53.77004,39.20399,-12.76022,43.88832
4828.559,282.7289,0,-70.41858,-21.4421,-13.63628,-166.5393
4833.984,247.8244,0,-94.09034,3.12191,-11.20304,178.6228
4839.41,223.8006,0,-42.77588,-2.3392,-15.87982,-177.3727
4844.835,251.1541,0,76.05418,-2.521587,-7.239388,-2.724004
4850.26,218.0367,0,69.85798,-31.01835,-5.936149,-35.76523
4855.686,204.7214,0,-40.34871,-29.87852,-13.8346,-150.4309
4861.111,190.8754,0,-23.63814,-14.61252,-17.77141,-152.1736
4866.537,199.7025,0,30.04579,23.29923,-13.07207,45.61166
4871.962,179.4969,0,-18.60047,-9.255781,-19.59576,-156.2197
4877.387,187.4445,0,-44.61695,-33.7224,-12.45033,-151.1854
4882.813,241.6073,0,3.281178,-88.33285,-9.174028,-108.2093
4888.238,192.8577,0,31.81957,-30.92332,-11.35395,-55.05151
4893.663,228.4961,0,83.85011,-57.75481,-3.69226,-56.32457
4899.088,187.5044,0,28.62412,-72.15226,-7.035937,-92.78508
4904.514,213.9739,0,-73.16967,24.73241,-11.43762,166.2469
4909.939,308.8569,0,-57.38667,47.31752,-13.91833,147.8548
4915.365,337.4113,0,-14.88791,-45.14185,-17.46896,-115.5545
4920.79,325.9127,0,28.5331,-92.14727,-10.17711,-90.01137
4926.215,217.4142,0,-10.52246,4.221998,-26.06714,159.1987
4931.641,261.2795,0,-38.42759,-4.565219,-17.78122,-174.0977
4937.066,238.5774,0,-9.471457,-18.62177,-21.51552,-121.2522
4942.491,206.2685,0,-21.17046,-6.481899,-20.23706,-164.6091
4947.917,230.4907,0,-38.66415,42.96739,-13.47042,141.0525
4953.342,310.6141,0,-12.03052,70.42115,-13.29761,112.007
4958.767,267.5918,0,-33.38705,-30.05931,-16.56406,-143.7057
4964.193,261.4537,0,-76.52714,-43.67089,-11.74915,-157.6508
4969.618,373.6465,0,2.290786,43.21073,-18.73019,93.6024
4975.043,227.8946,0,-38.08489,20.40874,-15.81107,156.202
4980.469,236.777,0,53.41454,-17.58006,-10.3061,-23.69421
4985.894,290.1161,0,62.53959,9.125051,-11.13494,10.5975
4991.319,289.5303,0,30.59058,-1.956018,-18.53475,-4.091418
4996.745,210.5192,0,43.84992,26.49965,-10.35417,40.1798
5002.17,221.3958,0,-2.429342,-4.518488,-32.79734,-119.421
5007.595,170.5737,0,-9.55956,8.5354,-22.96688,140.9523
5013.021,196.085,0,26.05218,2.059352,-16.26736,5.213577
5018.446,207.9118,0,9.12754,-19.8318,-19.229,-70.98315
5023.872,222.3178,0,47.74014,38.88033,-9.262703,51.71539
5029.297,221.0027,0,-37.36767,29.72021,-14.72329,148.065
5034.722,269.9275,0,-67.78664,-42.18332,-12.59379,-155.226
5040.147,317.1898,0,11.07318,-20.963,-22.24021,-66.07338
5045.573,247.7756,0,-43.62993,34.35818,-14.45869,148.5043
5050.998,249.1798,0,-101.4687,8.314039,-10.74418,176.6741
5056.423,196.6231,0,-23.50418,27.83873,-15.69223,137.3821
5061.849,235.0047,0,34.07847,63.35482,-9.333131,79.22503
5067.274,239.9381,0,37.98332,0.245183,-14.51305,0.4393999
5072.7,275.7682,0,9.987651,-81.93005,-10.55178,-100.1822
5078.125,257.8372,0,-35.58434,-10.01029,-17.99895,-166.242
5083.55,244.3676,0,19.52913,-36.81531,-14.75494,-71.3549
5088.976,226.7493,0,44.36438,22.55888,-11.34628,34.00392
5094.401,218.1307,0,-20.18075,88.80126,-8.920486,123.2402
5099.826,187.2801,0,-65.20397,-9.1076,-11.68093,-174.1143
5105.251,359.0826,0,-11.35989,-19.35164,-24.36597,-123.4044
5110.677,270.5018,0,-2.05439,6.645153,-31.86517,108.576
5116.103,272.2863,0,-10.11862,39.00572,-16.9941,112.4067
5121.528,354.8398,0,56.70253,45.96717,-12.32459,47.79564
5126.953,270.3634,0,10.86918,40.68858,-15.89924,83.95515
5132.378,260.115,0,13.47599,7.189094,-24.16605,29.74837
5137.804,342.9397,0,52.15287,-44.20837,-12.67356,-48.9314
5143.229,324.2346,0,32.47273,-26.99411,-16.82568,-45.02227
5148.654,209.6692,0,20.86995,-8.941561,-18.4074,-25.90383
5154.08,192.1965,0,-22.959,19.2744,-17.15401,145.1052
5159.505,168.4146,0,-42.9129,3.434832,-13.82078,176.3549
5164.931,230.6938,0,10.40234,-38.76239,-14.92215,-84.95753
5170.356,227.2473,0,23.77579,-64.72149,-9.817915,-87.47406
5175.781,249.7141,0,-7.461063,-47.69619,-14.67678,-109.3975
5181.207,226.6513,0,-49.90894,-45.47107,-12.3634,-147.0008
5186.632,301.3893,0,-41.42254,26.61443,-16.88161,151.7181
5192.057,191.734,0,-5.812457,6.373943,-27.20148,134.21
5197.482,163.1703,0,86.77283,-33.25084,0.9477243,-44.48688
5202.908,146.4289,0,50.97961,-9.277427,-5.346858,-15.86556
5208.333,238.4319,0,26.49055,23.49104,-15.59583,47.89037
5213.759,254.5004,0,18.36582,-49.46358,-13.20308,-81.46085
5219.184,245.0241,0,82.18942,11.14887,-5.879745,11.64171
5224.609,184.011,0,90.70528,1.32393,-0.2454595,1.649152
5230.035,215.3315,0,34.34501,-14.00949,-13.79317,-26.61701
5235.46,330.1895,0,-29.14679,19.35197,-20.24467,149.5005
5240.885,351.4399,0,24.83513,-70.94424,-12.96029,-82.96187
5246.311,230.2773,0,-25.56092,-27.12423,-16.78057,-139.3523
5251.736,175.6633,0,-2.611148,-6.003456,-28.70622,-115.4349
5257.162,172.4409,0,68.94987,-14.98011,-3.417134,-20.49388
5262.587,156.594,0,47.07746,-24.96743,-6.476985,-40.78186
5268.012,229.7853,0,-87.85939,22.66788,-10.90526,169.6149
5273.438,193.2704,0,-60.10781,5.112318,-12.46723,176.2944
5278.863,163.5931,0,-34.97093,-7.828623,-14.87825,-169.6395
5284.288,202.6728,0,-39.30111,17.09875,-15.05604,160.5296
5289.713,249.952,0,3.821237,48.85349,-14.18673,96.75403
5295.139,220.1906,0,46.30095,28.01317,-10.25027,40.3265
5300.564,184.2355,0,3.547421,-24.3551,-17.39381,-89.38959
5305.99,181.3595,0,-47.78102,-18.92278,-13.01371,-163.1158
5311.415,201.2239,0,-50.25176,-3.286635,-13.9691,-177.0068
5316.84,176.5939,0,-5.370018,-9.97919,-24.12638,-121.4247
5322.266,122.1424,0,2.036749,-37.74326,-10.45085,-104.3565
5327.691,228.62,0,6.761684,-61.84098,-11.36934,-99.3354
5333.116,238.1523,0,0.1310747,-21.40735,-20.95588,-94.78848
5338.542,323.4499,0,13.12738,32.31312,-19.0321,73.83493
5343.967,232.0026,0,-18.78652,-17.07047,-19.91514,-141.6339
5349.392,279.2412,0,55.85718,-18.67346,-11.60959,-23.2636
5354.818,279.3593,0,14.65702,-48.37933,-14.52329,-83.50283
5360.243,153.5842,0,-47.04791,-37.00331,-10.65112,-152.2647
5365.668,217.1243,0,28.58583,-11.94157,-15.7038,-26.29659
5371.094,291.1108,0,-9.267885,3.890401,-29.50965,157.9707
5376.519,310.5941,0,-44.11388,15.41039,-17.61405,163.2317
5381.944,311.5577,0,-3.433677,-80.10769,-12.1567,-106.7232
5387.37,202.6939,0,22.16486,-39.06261,-12.28224,-72.63795
5392.795,251.7094,0,18.10452,25.78019,-17.45538,61.21856
5398.22,238.0181,0,-51.25928,13.77211,-14.73797,167.6869
5403.646,192.4706,0,11.64907,33.40183,-14.31682,81.23935
5409.071,166.6344,0,68.44415,14.42037,-3.038688,20.25235
5414.497,200.0794,0,61.29076,-4.515092,-7.08027,-6.076482
5419.922,197.073,0,25.26712,11.5497,-15.84517,28.41126
5425.347,221.0813,0,30.62224,70.29179,-8.457835,86.71725
5430.772,225.4582,0,61.45238,-2.089789,-8.522099,-2.677718
5436.198,223.6714,0,36.5167,-72.83079,-7.836175,-84.6346
5441.623,241.5278,0,-19.06786,-25.76851,-18.24336,-132.1475
5447.048,217.9304,0,-30.35193,0.5570118,-18.25375,179.0772
5452.474,250.1221,0,60.86208,-34.94244,-8.762542,-40.32174
5457.899,264.4199,0,42.01577,10.10859,-14.23919,16.13009
5463.325,253.0838,0,-12.4393,1.823848,-26.49396,172.0523
5468.75,302.1884,0,-29.65783,-22.62878,-19.00359,-146.5575
5474.175,283.655,0,-27.11069,9.401999,-20.69659,162.6064
5479.601,258.7889,0,-27.0811,-11.57837,-19.74808,-159.1705
5485.026,297.2733,0,26.97805,-90.89697,-9.564435,-92.05637
5490.451,349.0809,0,-29.9048,-94.93881,-11.87707,-121.5475
5495.876,208.7609,0,-12.16371,-5.415743,-24.40074,-157.4038
5501.302,164.0009,0,18.78096,17.65627,-15.07951,50.1642
5506.728,215.5954,0,18.19995,28.2404,-15.46873,65.34142
5512.153,315.4701,0,-60.77822,41.46008,-14.22758,151.9883
5517.578,203.7828,0,-6.898606,35.15008,-15.50909,110.5758
5523.003,171.9961,0,0.02258825,39.5739,-12.98515,102.9264
5528.429,235.4147,0,-43.60348,32.95525,-14.22001,149.6543
5533.854,315.4803,0,-83.24899,-32.83161,-13.0075,-163.1839
5539.279,260.872,0,-41.27704,-59.28607,-12.59292,-135.9482
5544.705,207.3551,0,-12.57829,37.99411,-14.92755,118.1189
5550.13,297.5956,0,-41.7884,44.68939,-14.95581,140.5801
